              precision    recall  f1-score   support

          af       0.00      0.00      0.00         0
          am       0.00      0.00      0.00         0
          an       0.00      0.00      0.00         0
          ar       1.00      0.98      0.99     19484
         arq       0.00      0.00      0.00        44
          as       0.00      0.00      0.00         0
          az       0.41      0.99      0.58       127
          be       0.88      0.96      0.92      1424
          bg       0.91      0.89      0.90      8714
          bn       0.99      0.96      0.98       336
          bo       0.00      0.00      0.00        57
          br       0.00      0.00      0.00         0
          bs       0.02      0.05      0.03       407
          ca       0.87      0.91      0.89      1762
          cs       0.96      0.95      0.95      6743
          cy       0.00      0.00      0.00         0
          da       0.85      0.77      0.81      1953
          de       0.92      0.99      0.95     13939
          dz       0.00      0.00      0.00         0
          el       1.00      1.00      1.00     13459
          en       0.92      0.98      0.95     20000
          eo       0.85      0.93      0.89       682
          es       0.92      0.95      0.94     19826
          et       0.87      0.95      0.90       415
          eu       0.52      0.97      0.68       145
          fa       0.85      0.99      0.92     15327
          fi       0.94      0.96      0.95      1661
          fo       0.00      0.00      0.00         0
          fr       0.94      0.97      0.96     19632
       fr-ca       0.00      0.00      0.00       548
          ga       0.00      0.00      0.00         0
          gl       0.71      0.70      0.71      3176
          gu       1.00      0.96      0.98       160
          he       1.00      1.00      1.00     19291
          hi       0.92      0.92      0.92      2961
          hr       0.37      0.85      0.52      7509
          ht       0.00      0.00      0.00         0
          hu       0.99      0.98      0.98     12147
          hy       0.90      0.99      0.94      1200
          id       0.94      0.83      0.88      8450
          is       0.00      0.00      0.00         0
          it       0.97      0.97      0.97     19175
          ja       0.98      1.00      0.99     19139
          jv       0.00      0.00      0.00         0
          ka       0.15      1.00      0.26       609
          kk       0.94      0.97      0.95       795
          km       0.00      0.00      0.00         0
          kn       1.00      1.00      1.00       138
          ko       1.00      1.00      1.00     19430
          ku       0.91      0.11      0.19      3614
          ky       0.00      0.00      0.00         0
          la       0.00      0.00      0.00         0
          lb       0.00      0.00      0.00         0
          lo       0.00      0.00      0.00         0
          lt       0.91      0.97      0.94      2841
          lv       0.97      0.98      0.97      2808
          mg       0.00      0.00      0.00         0
          mk       0.64      0.77      0.70      1990
          ml       0.99      1.00      1.00       152
          mn       0.97      0.98      0.98      1539
          mr       0.91      0.89      0.90      1473
          ms       0.15      0.39      0.21       584
          mt       0.00      0.00      0.00         0
          my       0.00      0.00      0.00      5621
          nb       0.60      0.21      0.31       862
          ne       0.69      0.74      0.71       394
          nl       0.99      0.96      0.97     12789
          nn       0.00      0.00      0.00         0
          no       0.00      0.00      0.00         0
          oc       0.00      0.00      0.00         0
          pl       0.99      0.99      0.99     16620
          ps       0.00      0.00      0.00         0
          pt       0.48      0.93      0.64     18940
       pt-br       0.00      0.00      0.00     19464
          qu       0.00      0.00      0.00         0
          ro       0.99      0.96      0.98     13988
          ru       0.96      0.95      0.95     19351
          rw       0.00      0.00      0.00         0
          se       0.00      0.00      0.00         0
          si       0.00      0.00      0.00         0
          sk       0.95      0.91      0.93      4232
          sl       0.58      0.89      0.71      2754
          sq       0.98      0.95      0.97      1846
          sr       0.79      0.18      0.29     15449
         srp       0.00      0.00      0.00       192
          sv       0.99      0.94      0.97      5941
          sw       0.78      0.95      0.85       138
          ta       1.00      1.00      1.00       282
          te       1.00      1.00      1.00      1190
          th       1.00      1.00      1.00     13292
          tk       0.00      0.00      0.00        29
          tl       0.00      0.00      0.00         0
         tlh       0.00      0.00      0.00        60
          tr       1.00      0.98      0.99     18211
          ug       0.00      0.00      0.00         0
          uk       0.97      0.92      0.95     10257
          ur       0.50      0.97      0.66       566
          uz       0.00      0.00      0.00       519
          vi       1.00      1.00      1.00     19009
          vo       0.00      0.00      0.00         0
          wa       0.00      0.00      0.00         0
          xh       0.00      0.00      0.00         0
          zh       0.99      0.99      0.99     39925
          zu       0.00      0.00      0.00         0

    accuracy                           0.88    517787
   macro avg       0.50      0.53      0.50    517787
weighted avg       0.88      0.88      0.87    517787
