              precision    recall  f1-score   support

          af       0.36      0.79      0.49        29
          am       0.15      0.97      0.27        31
          an       0.00      0.00      0.00         0
          ar       1.00      0.98      0.99      9674
          az       0.77      0.90      0.83       264
          be       0.76      0.98      0.85       398
          bg       0.93      0.87      0.90      5648
          bi       0.00      0.00      0.00        31
          bn       0.00      0.00      0.00         0
          br       0.00      0.00      0.00         0
          bs       0.01      0.03      0.01       127
          ca       0.90      0.91      0.91      1082
          cs       0.97      0.94      0.96      3459
          cy       0.00      0.00      0.00         0
          da       0.86      0.80      0.83       994
          de       0.90      0.99      0.94      6899
          dz       1.00      1.00      1.00       150
          el       1.00      1.00      1.00      6877
          en       0.89      0.99      0.94     10000
          eo       0.72      0.92      0.81       196
          es       0.92      0.95      0.93      9988
          et       0.92      0.93      0.93       612
          eu       0.73      0.95      0.82       237
          fa       0.89      1.00      0.94      8008
          fi       0.95      0.96      0.96      1287
          fo       0.00      0.00      0.00         0
          fr       0.93      0.96      0.95      9852
       fr-ca       0.00      0.00      0.00       397
          ga       0.00      0.00      0.00         0
          gl       0.73      0.70      0.71      1618
          he       1.00      1.00      1.00      9685
          hi       0.79      0.93      0.85       870
          hr       0.37      0.84      0.51      3461
          ht       0.00      0.00      0.00         0
          hu       0.99      0.98      0.98      6842
          hy       0.87      0.99      0.93       513
          id       0.97      0.83      0.90      4119
          is       0.00      0.00      0.00         0
          it       0.97      0.96      0.97      8945
          ja       0.98      0.99      0.99      9814
          jv       0.00      0.00      0.00         0
          ka       0.21      1.00      0.35       509
          kk       0.85      0.97      0.91       283
          km       0.00      0.00      0.00         0
          ko       1.00      1.00      1.00      9816
          ku       0.00      0.00      0.00      1183
          ky       0.82      0.33      0.47        43
          la       0.00      0.00      0.00         0
          lb       0.00      0.00      0.00         0
          lo       0.00      0.00      0.00         0
          lt       0.93      0.97      0.95      1647
          lv       0.98      0.96      0.97      1952
          mg       0.00      0.00      0.00         0
          mk       0.50      0.83      0.62       663
          ml       1.00      1.00      1.00        48
          mn       0.98      0.99      0.99      1975
          mr       0.93      0.80      0.86       797
          ms       0.03      0.36      0.06        61
          mt       0.00      0.00      0.00         0
          my       0.00      0.00      0.00      3266
          nb       0.61      0.19      0.29       418
          ne       0.88      0.77      0.82       407
          nl       0.99      0.95      0.97      7873
          nn       0.00      0.00      0.00         0
          no       0.00      0.00      0.00         0
          oc       0.00      0.00      0.00         0
          or       0.00      0.00      0.00         0
          pl       0.99      0.99      0.99      7428
          ps       0.00      0.00      0.00         0
          pt       0.46      0.93      0.62      8715
       pt-br       0.00      0.00      0.00      9794
          qu       0.00      0.00      0.00         0
          ro       1.00      0.96      0.98      6962
          ru       0.95      0.95      0.95      9777
          rw       0.00      0.00      0.00         0
          se       0.00      0.00      0.00         0
          si       0.00      0.00      0.00         0
          sk       0.89      0.91      0.90      1027
          sl       0.44      0.89      0.59       799
          sq       0.98      0.95      0.97      1285
          sr       0.79      0.18      0.29      7739
          sv       0.99      0.93      0.96      5057
          sw       0.93      0.87      0.90       277
          ta       1.00      1.00      1.00       101
          te       1.00      1.00      1.00       456
          th       1.00      1.00      1.00      5779
          tl       0.00      0.00      0.00         0
          tr       1.00      0.98      0.99      9390
          ug       0.00      0.00      0.00         0
          uk       0.97      0.92      0.95      6096
          ur       0.61      0.98      0.75       366
          uz       0.00      0.00      0.00       143
          vi       1.00      1.00      1.00      9684
          vo       0.00      0.00      0.00         0
          wa       0.00      0.00      0.00         0
          xh       0.00      0.00      0.00         0
          zh       0.04      0.99      0.07       777
       zh-cn       0.00      0.00      0.00      9670
       zh-tw       0.00      0.00      0.00      9638
          zu       0.00      0.00      0.00         0

    accuracy                           0.81    264008
   macro avg       0.50      0.55      0.50    264008
weighted avg       0.80      0.81      0.79    264008
