              precision    recall  f1-score   support

          af       0.04      0.72      0.07        29
          am       0.08      1.00      0.14        31
          ar       1.00      1.00      1.00      9674
         arq       0.00      0.00      0.00         0
          as       0.00      0.00      0.00         0
          az       0.96      0.97      0.96       264
          be       0.71      0.97      0.82       398
          bg       0.93      0.94      0.94      5648
          bi       0.00      0.00      0.00        31
          bo       0.00      0.00      0.00         0
          bs       0.05      0.01      0.01       127
          ca       0.59      0.94      0.73      1082
          cs       0.97      0.90      0.93      3459
          da       0.74      0.89      0.81       994
          de       0.88      0.88      0.88      6899
          dz       0.00      0.00      0.00       150
          el       1.00      1.00      1.00      6877
          en       0.92      0.85      0.89     10000
          eo       0.38      0.88      0.53       196
          es       0.95      0.94      0.94      9988
          et       0.56      0.85      0.68       612
          eu       0.34      0.96      0.50       237
          fa       1.00      0.99      1.00      8008
          fi       0.83      0.91      0.87      1287
         fil       0.00      0.00      0.00         0
          fr       0.96      0.89      0.92     10249
          gl       0.88      0.77      0.82      1618
          he       1.00      1.00      1.00      9685
          hi       0.94      0.90      0.92       870
          hr       0.59      0.64      0.61      3461
          hu       0.97      0.96      0.97      6842
          hy       1.00      1.00      1.00       513
          id       0.92      0.73      0.81      4119
          is       0.00      0.00      0.00         0
          it       0.92      0.93      0.92      8945
          ja       1.00      0.99      0.99      9814
          ka       1.00      1.00      1.00       509
          kk       0.97      0.99      0.98       283
          ko       1.00      1.00      1.00      9816
          ku       1.00      0.98      0.99      1183
          ky       0.27      0.95      0.42        43
          lb       0.00      0.00      0.00         0
          lt       0.89      0.93      0.91      1647
         ltg       0.00      0.00      0.00         0
          lv       0.98      0.94      0.96      1952
          mk       0.87      0.91      0.89       663
          ml       1.00      1.00      1.00        48
          mn       0.98      0.97      0.98      1975
          mr       0.96      0.96      0.96       797
          ms       0.01      0.21      0.03        61
          my       0.99      1.00      0.99      3266
          nb       0.70      0.81      0.75       418
          ne       0.80      0.89      0.84       407
          nl       0.88      0.80      0.84      7873
          nn       0.00      0.00      0.00         0
          pl       0.99      0.96      0.98      7428
          pt       0.97      0.95      0.96     18509
          ro       0.98      0.93      0.95      6962
          ru       0.97      0.93      0.95      9777
          sh       0.00      0.00      0.00         0
          sk       0.73      0.90      0.80      1027
          sl       0.69      0.84      0.76       799
          so       0.00      0.00      0.00         0
          sq       0.94      0.91      0.93      1285
          sr       0.85      0.56      0.67      7739
          sv       0.97      0.92      0.95      5057
          sw       0.47      0.90      0.62       277
         szl       0.00      0.00      0.00         0
          ta       1.00      1.00      1.00       101
          te       1.00      1.00      1.00       456
          tg       0.00      0.00      0.00         0
          th       1.00      1.00      1.00      5779
          tl       0.00      0.00      0.00         0
          tr       0.99      0.97      0.98      9390
          tt       0.00      0.00      0.00         0
          ug       0.00      0.00      0.00         0
          uk       0.98      0.93      0.96      6096
          ur       0.95      1.00      0.97       366
          uz       0.17      0.88      0.28       143
          vi       1.00      0.98      0.99      9684
          zh       1.00      0.99      0.99     20085

    accuracy                           0.93    264008
   macro avg       0.64      0.71      0.65    264008
weighted avg       0.95      0.93      0.94    264008
