              precision    recall  f1-score   support

          af       0.00      0.00      0.00         0
          am       0.00      0.00      0.00         0
          ar       0.99      1.00      1.00     19484
         arq       0.00      0.00      0.00        44
          as       0.00      0.00      0.00         0
          az       0.74      0.99      0.85       127
          be       0.86      0.97      0.91      1424
          bg       0.91      0.96      0.93      8714
          bn       1.00      1.00      1.00       336
          bo       0.81      1.00      0.90        57
          bs       0.00      0.00      0.00       407
          ca       0.62      0.94      0.75      1762
         ceb       0.00      0.00      0.00         0
          cs       0.96      0.90      0.93      6743
          da       0.78      0.89      0.83      1953
          de       0.89      0.89      0.89     13939
          el       1.00      1.00      1.00     13459
          en       0.94      0.85      0.89     20000
          eo       0.54      0.87      0.66       682
          es       0.94      0.95      0.95     19826
          et       0.31      0.90      0.47       415
          eu       0.15      0.96      0.26       145
          fa       1.00      0.99      0.99     15327
          fi       0.82      0.91      0.86      1661
         fil       0.00      0.00      0.00         0
          fr       0.92      0.89      0.91     19632
       fr-ca       0.48      0.03      0.06       548
          ga       0.00      0.00      0.00         0
          gl       0.87      0.82      0.84      3176
          gu       1.00      0.95      0.97       160
          he       1.00      1.00      1.00     19291
          hi       0.98      0.90      0.93      2961
          hr       0.72      0.60      0.65      7509
          ht       0.00      0.00      0.00         0
          hu       0.98      0.96      0.97     12147
         hup       0.00      0.00      0.00         0
          hy       1.00      1.00      1.00      1200
          id       0.90      0.67      0.77      8450
          is       0.00      0.00      0.00         0
          it       0.95      0.93      0.94     19175
          ja       1.00      0.99      0.99     19139
          ka       1.00      1.00      1.00       609
          kk       0.96      0.98      0.97       795
          kn       0.56      1.00      0.72       138
          ko       1.00      1.00      1.00     19430
          ku       1.00      0.89      0.94      3614
          ky       0.00      0.00      0.00         0
          lb       0.00      0.00      0.00         0
          lt       0.89      0.93      0.91      2841
         ltg       0.00      0.00      0.00         0
          lv       0.95      0.97      0.96      2808
          mg       0.00      0.00      0.00         0
          mk       0.93      0.90      0.91      1990
          ml       1.00      0.99      1.00       152
          mn       0.98      0.97      0.97      1539
          mr       0.97      0.95      0.96      1473
          ms       0.08      0.35      0.13       584
          mt       0.00      0.00      0.00         0
          my       0.96      1.00      0.98      5621
          nb       0.76      0.80      0.78       862
          ne       0.56      0.93      0.70       394
          nl       0.88      0.81      0.84     12789
          nn       0.00      0.00      0.00         0
          pl       0.99      0.97      0.98     16620
          ps       0.00      0.00      0.00         0
          pt       0.69      0.66      0.67     18940
       pt-br       0.67      0.68      0.68     19464
          ro       0.98      0.94      0.96     13988
          ru       0.98      0.94      0.96     19351
          sh       0.00      0.00      0.00         0
          si       0.00      0.00      0.00         0
          sk       0.85      0.90      0.88      4232
          sl       0.82      0.85      0.83      2754
          so       0.00      0.00      0.00         0
          sq       0.93      0.92      0.92      1846
          sr       0.83      0.67      0.74     15449
         srp       0.02      0.18      0.03       192
          sv       0.95      0.93      0.94      5941
          sw       0.20      0.86      0.33       138
         szl       0.00      0.00      0.00         0
          ta       1.00      1.00      1.00       282
          te       1.00      1.00      1.00      1190
          tg       0.00      0.00      0.00         0
          th       1.00      1.00      1.00     13292
          tk       0.00      0.00      0.00        29
          tl       0.00      0.00      0.00         0
         tlh       0.00      0.00      0.00        60
          tr       0.99      0.97      0.98     18211
          tt       0.00      0.00      0.00         0
          ug       0.00      0.00      0.00         0
          uk       0.98      0.94      0.96     10257
          ur       0.93      1.00      0.96       566
          uz       0.35      0.95      0.51       519
          vi       1.00      0.98      0.99     19009
          zh       0.94      0.85      0.89      1042
       zh-cn       0.99      0.97      0.98     19482
       zh-tw       0.97      0.97      0.97     19401

    accuracy                           0.91    517787
   macro avg       0.59      0.63      0.60    517787
weighted avg       0.93      0.91      0.92    517787
