              precision    recall  f1-score   support

          af       0.00      0.00      0.00         0
          am       0.00      0.00      0.00         0
          ar       0.99      1.00      0.99      3953
         arq       0.00      0.00      0.00         0
          az       0.92      1.00      0.96        60
          be       0.86      0.96      0.91       394
          bg       0.94      0.90      0.92      3448
          bn       1.00      1.00      1.00       494
          bs       0.00      0.00      0.00         0
          ca       0.58      0.64      0.61      1336
          cs       0.94      0.89      0.92      3188
          da       0.75      0.64      0.69      1691
          de       0.89      0.89      0.89      3579
          el       1.00      1.00      1.00      3684
          en       0.91      0.84      0.88      4000
          eo       0.00      0.00      0.00         0
          es       0.86      0.71      0.78      3956
          et       0.50      0.84      0.62       318
          eu       0.00      0.00      0.00         0
          fa       1.00      0.98      0.99      3159
          fi       0.85      0.90      0.87       614
         fil       0.40      0.65      0.49        60
          fr       0.83      0.52      0.64      3956
       fr-ca       0.01      0.15      0.02       103
          gl       0.00      0.00      0.00         0
          gu       0.00      0.00      0.00         0
          he       1.00      1.00      1.00      3452
          hi       0.94      0.94      0.94      1332
          hr       0.71      0.57      0.63      3019
          hu       0.97      0.96      0.96      3305
          hy       1.00      1.00      1.00      1363
          id       0.88      0.78      0.83      3084
          is       0.88      0.93      0.90        85
          it       0.79      0.84      0.82      3693
          ja       1.00      0.99      0.99      3568
          ka       1.00      1.00      1.00       611
          kk       0.95      0.97      0.96        60
          ko       1.00      1.00      1.00      3957
          ku       1.00      1.00      1.00       507
          ky       0.00      0.00      0.00         0
          lt       0.94      0.94      0.94      1483
          lv       0.98      0.96      0.97       912
          mk       0.71      0.91      0.80       583
          ml       1.00      1.00      1.00       201
          mn       0.98      0.97      0.97       745
          mr       0.95      0.95      0.95       663
          ms       0.06      0.18      0.10       228
          my       1.00      1.00      1.00       711
          nb       0.45      0.54      0.49       762
          ne       0.81      0.80      0.81       378
          nl       0.88      0.79      0.84      3547
          nn       0.00      0.00      0.00         0
          pl       0.99      0.97      0.98      3446
          pt       0.70      0.50      0.58      3550
       pt-br       0.67      0.64      0.66      3958
          ro       0.98      0.95      0.96      3601
          ru       0.95      0.93      0.94      3552
          sh       0.00      0.00      0.00         0
          sk       0.90      0.86      0.88      2682
          sl       0.37      0.74      0.50       819
          so       0.00      0.00      0.00         0
          sq       0.98      0.96      0.97      1980
          sr       0.94      0.52      0.67      2418
          sv       0.94      0.89      0.92      1556
          sw       0.00      0.00      0.00         0
          ta       1.00      1.00      1.00        60
          tg       0.44      0.93      0.59       101
          th       1.00      1.00      1.00      1997
          tl       0.00      0.00      0.00         0
          tr       1.00      0.96      0.98      3956
          ug       0.00      0.00      0.00         0
          uk       0.98      0.93      0.95      2190
          ur       0.78      1.00      0.88        32
          uz       0.27      0.87      0.41       106
          vi       1.00      0.99      0.99      3394
          zh       0.00      0.00      0.00       117
       zh-cn       0.98      0.98      0.98      3815
       zh-tw       0.96      0.98      0.97      3946

    accuracy                           0.86    123518
   macro avg       0.67      0.68      0.67    123518
weighted avg       0.90      0.86      0.88    123518
