              precision    recall  f1-score   support

          af       0.00      0.00      0.00         0
          am       0.00      0.00      0.00         0
          ar       1.00      1.00      1.00      5448
          as       0.00      0.00      0.00         0
          az       0.98      1.00      0.99       255
          be       0.64      0.97      0.77        91
          bg       0.94      0.96      0.95      3314
          bn       1.00      1.00      1.00        62
          bs       0.00      0.00      0.00         0
          ca       0.56      0.94      0.71       540
          cs       0.95      0.91      0.93      1981
          da       0.77      0.90      0.83       645
          de       0.90      0.89      0.89      4067
          el       1.00      1.00      1.00      3590
          en       0.93      0.86      0.89      5500
          eo       0.53      0.85      0.65       221
          es       0.95      0.94      0.95      5446
          et       0.22      0.95      0.36        59
          eu       0.00      0.00      0.00         0
          fa       1.00      1.00      1.00      3928
          fi       0.83      0.94      0.88       592
         fil       0.39      0.78      0.52       159
          fr       0.96      0.89      0.92      6498
          gl       0.87      0.84      0.85       724
          gu       1.00      1.00      1.00       208
          he       1.00      1.00      1.00      4386
          hi       0.98      0.92      0.95       499
          hr       0.73      0.65      0.69      2861
          hu       0.98      0.95      0.97      4018
          hy       1.00      1.00      1.00       763
          id       0.85      0.78      0.82      1719
          is       0.00      0.00      0.00         0
          it       0.90      0.93      0.91      4490
          ja       1.00      0.99      0.99      5063
          ka       1.00      1.00      1.00       283
          kk       0.99      0.99      0.99       216
          ko       1.00      1.00      1.00      4854
          ku       0.99      1.00      1.00       526
          ky       0.00      0.00      0.00         0
          lb       0.00      0.00      0.00         0
          lt       0.91      0.94      0.92       883
         ltg       0.00      0.00      0.00         0
          lv       0.97      0.96      0.96       723
          mk       0.95      0.90      0.92       791
          mn       0.89      1.00      0.94       125
          mr       0.98      0.97      0.97       219
          ms       0.11      0.27      0.15       159
          my       0.91      1.00      0.96       287
          nb       0.72      0.71      0.72       324
          ne       0.67      0.91      0.77        91
          nl       0.89      0.80      0.84      4081
          nn       0.00      0.00      0.00         0
          pl       0.99      0.96      0.98      3593
          pt       0.97      0.95      0.96      9392
          ro       0.98      0.93      0.95      4532
          ru       0.97      0.93      0.95      4724
          sh       0.00      0.00      0.00         0
          sk       0.88      0.89      0.88      1457
          sl       0.59      0.77      0.67       331
          so       0.00      0.00      0.00         0
          sq       0.98      0.93      0.95      2076
          sr       0.77      0.53      0.63      3062
          sv       0.94      0.94      0.94      1292
          sw       0.22      0.97      0.36        31
         szl       0.00      0.00      0.00         0
          te       1.00      1.00      1.00        31
          tg       0.00      0.00      0.00         0
          th       1.00      1.00      1.00      1632
          tl       0.00      0.00      0.00         0
          tr       0.99      0.97      0.98      4668
          tt       0.00      0.00      0.00         0
          ug       0.00      0.00      0.00         0
          uk       0.98      0.94      0.96      2069
          ur       0.89      1.00      0.94        31
          uz       0.39      0.93      0.55       219
          vi       1.00      0.98      0.99      4349
          zh       0.95      0.89      0.91       429
       zh-cn       0.97      0.98      0.97      4836
       zh-tw       0.98      0.96      0.97      5158

    accuracy                           0.92    134601
   macro avg       0.67      0.72      0.68    134601
weighted avg       0.95      0.92      0.93    134601
