              precision    recall  f1-score   support

          af       0.00      0.00      0.00         0
          ar       1.00      1.00      1.00      1897
          az       0.00      0.00      0.00         0
          be       0.00      0.00      0.00         0
          bg       0.94      0.90      0.92      1664
          bo       0.00      0.00      0.00         0
          bs       0.00      0.00      0.00         0
          ca       0.47      0.58      0.52       395
          cs       0.96      0.90      0.92       997
          da       0.65      0.88      0.75       176
          de       0.88      0.88      0.88      1718
          el       1.00      1.00      1.00      1630
          en       0.90      0.88      0.89      2000
          eo       0.00      0.00      0.00         0
          es       0.85      0.72      0.78      1985
          et       0.72      0.90      0.80       299
          eu       0.00      0.00      0.00         0
          fa       0.99      1.00      0.99      1343
          fi       0.76      0.91      0.83       176
         fil       0.00      0.00      0.00         0
          fr       0.76      0.72      0.74      1989
       fr-ca       0.12      0.11      0.12       386
          gl       0.00      0.00      0.00         0
          gu       0.00      0.00      0.00         0
          he       1.00      1.00      1.00      1752
          hi       1.00      0.86      0.92       157
          hr       0.82      0.77      0.80      1148
          hu       0.97      0.95      0.96      1289
          hy       0.99      1.00      0.99       152
          id       0.95      0.83      0.89      1304
          is       0.00      0.00      0.00         0
          it       0.80      0.85      0.82      1752
          ja       1.00      0.99      0.99      1896
          ka       0.99      1.00      1.00       230
          kk       0.00      0.00      0.00         0
          ko       1.00      1.00      1.00      1986
          ku       1.00      0.94      0.97       153
          ky       0.00      0.00      0.00         0
          lt       0.84      0.95      0.89       290
          lv       0.98      0.91      0.94       222
          mk       0.53      0.95      0.68       123
          mn       0.83      0.91      0.87        54
          mr       0.00      0.00      0.00         0
          ms       0.00      0.00      0.00         0
          my       0.97      1.00      0.99       211
          nb       0.00      0.00      0.00         0
          ne       0.00      0.00      0.00         0
          nl       0.83      0.77      0.80      1493
          nn       0.00      0.00      0.00         0
          pl       0.99      0.97      0.98      1663
          pt       0.62      0.54      0.58      1290
       pt-br       0.73      0.63      0.68      1977
          ro       0.97      0.95      0.96      1718
          ru       0.96      0.91      0.94      1811
          sk       0.80      0.90      0.85       412
          sl       0.77      0.84      0.80       176
          so       0.00      0.00      0.00         0
          sq       0.94      0.86      0.90       533
          sr       0.76      0.74      0.75       914
          sv       0.94      0.91      0.93       511
          sw       0.00      0.00      0.00         0
          ta       1.00      1.00      1.00       153
          th       1.00      1.00      1.00       829
          tl       0.00      0.00      0.00         0
          tr       0.99      0.95      0.97      1806
          ug       0.96      1.00      0.98        54
          uk       0.95      0.91      0.93       668
          ur       0.00      0.00      0.00         0
          uz       0.00      0.00      0.00         0
          vi       1.00      0.98      0.99      1579
          zh       1.00      0.45      0.62       210
       zh-cn       0.98      0.98      0.98      1979
       zh-tw       0.93      0.97      0.95      1984

    accuracy                           0.88     51134
   macro avg       0.60      0.60      0.59     51134
weighted avg       0.90      0.88      0.89     51134
