              precision    recall  f1-score   support

          af       0.00      0.00      0.00         0
          ar       0.89      1.00      0.94       997
          az       0.92      0.95      0.94       169
          bg       0.88      0.92      0.90       608
          bs       0.00      0.00      0.00         0
          ca       0.36      0.49      0.42       132
          cs       0.95      0.90      0.93       608
          da       0.00      0.00      0.00         0
          de       0.89      0.88      0.88       752
          el       1.00      1.00      1.00      1000
          en       0.92      0.89      0.91      1000
          eo       0.00      0.00      0.00         0
          es       0.84      0.80      0.82       997
          et       0.00      0.00      0.00         0
          eu       0.78      0.92      0.84       183
          fa       1.00      0.99      0.99      1000
          fi       0.87      0.95      0.91        96
          fr       0.89      0.86      0.87       999
       fr-ca       0.00      0.00      0.00         0
          gl       0.00      0.00      0.00         0
          gu       0.96      1.00      0.98       215
          he       0.99      1.00      0.99       608
          hi       0.60      1.00      0.75       348
          hr       0.78      0.73      0.76       608
          hu       0.96      0.95      0.96       771
          hy       0.96      1.00      0.98       133
          id       0.90      0.96      0.93       435
          is       0.00      0.00      0.00         0
          it       0.85      0.83      0.84      1000
          ja       1.00      0.98      0.99      1000
          ka       1.00      1.00      1.00       305
          kk       0.96      1.00      0.98        96
          ko       1.00      1.00      1.00       998
          ku       0.93      1.00      0.96       602
          ky       0.00      0.00      0.00         0
          lt       0.79      0.94      0.86       133
          lv       0.92      0.92      0.92        37
          mk       0.91      0.88      0.89       266
          mr       0.00      0.00      0.00       228
          my       0.00      0.00      0.00         0
          nb       0.00      0.00      0.00         0
          nl       0.89      0.84      0.87       999
          pl       0.97      0.97      0.97       771
          pt       0.63      0.59      0.61       769
       pt-br       0.71      0.63      0.67       990
          ro       0.98      0.96      0.97       608
          ru       0.96      0.93      0.94      1000
          sk       0.90      0.90      0.90       435
          sl       0.81      0.84      0.82       170
          sq       0.97      0.98      0.97       305
          sr       0.77      0.79      0.78       825
          sv       0.94      0.92      0.93       200
          sw       0.00      0.00      0.00         0
          ta       1.00      1.00      1.00       132
          th       1.00      1.00      1.00       163
          tl       0.00      0.00      0.00         0
          tr       0.99      0.93      0.96       997
          ug       0.00      0.00      0.00       163
          uk       0.99      0.94      0.97       997
          ur       0.00      0.00      0.00         0
          uz       0.00      0.00      0.00         0
          vi       1.00      0.97      0.99       691
       zh-cn       0.99      0.98      0.98       995
       zh-tw       0.98      0.98      0.98      1000

    accuracy                           0.89     28534
   macro avg       0.66      0.67      0.66     28534
weighted avg       0.90      0.89      0.90     28534
