              precision    recall  f1-score   support

          af       0.00      0.00      0.00         0
          am       0.00      0.00      0.00         0
          ar       0.99      1.00      0.99      9488
         arq       0.00      0.00      0.00         0
          as       0.00      0.00      0.00         0
          az       0.99      0.94      0.96       377
          be       0.65      0.97      0.78       260
          bg       0.94      0.95      0.94      6754
          bn       1.00      1.00      1.00       458
          bo       0.00      0.00      0.00         0
          bs       0.11      0.04      0.06       418
          ca       0.34      0.70      0.46      1265
          cs       0.93      0.91      0.92      4947
          da       0.76      0.91      0.83      1918
          de       0.88      0.88      0.88      7550
          el       1.00      1.00      1.00      6313
          en       0.92      0.86      0.89     10000
          eo       0.13      0.80      0.22       109
          es       0.86      0.68      0.76      9827
          et       0.49      0.87      0.63       468
          eu       0.47      0.96      0.63       402
          fa       1.00      0.99      0.99      8045
          fi       0.68      0.91      0.78       641
         fil       0.33      0.79      0.46       261
          fr       0.74      0.48      0.58      9727
       fr-ca       0.14      0.29      0.19      2085
          gl       0.20      0.75      0.32      1194
          gu       1.00      1.00      1.00       362
          he       1.00      1.00      1.00      7467
          hi       0.99      0.92      0.95      1246
          hr       0.79      0.64      0.71      6350
          hu       0.97      0.96      0.96      7166
          hy       1.00      1.00      1.00      1248
          id       0.88      0.71      0.79      4038
          is       0.44      0.94      0.60        33
          it       0.79      0.84      0.81      8589
          ja       1.00      0.99      0.99      8327
          ka       1.00      1.00      1.00       446
          kk       0.97      0.99      0.98       176
          kn       0.98      1.00      0.99        95
          ko       1.00      1.00      1.00      9349
          ku       1.00      0.98      0.99      1029
          ky       0.00      0.00      0.00         0
          lb       0.04      0.15      0.06        33
          lt       0.91      0.92      0.92      1928
         ltg       0.00      0.00      0.00         0
          lv       0.98      0.96      0.97      2077
          mk       0.89      0.94      0.91      1346
          ml       1.00      1.00      1.00       348
          mn       0.95      0.94      0.94       313
          mr       0.85      0.95      0.89       139
          ms       0.02      0.19      0.03       105
          my       0.96      1.00      0.98       914
          nb       0.81      0.85      0.83      1243
          ne       0.25      0.88      0.39        33
          nl       0.83      0.78      0.80      7166
          nn       0.00      0.00      0.00         0
          pl       0.99      0.96      0.97      6906
          pt       0.63      0.56      0.59      7083
       pt-br       0.73      0.58      0.65      9579
          ro       0.98      0.91      0.94      7201
          ru       0.97      0.92      0.95      8661
          sh       0.00      0.00      0.00         0
          sk       0.88      0.88      0.88      3605
          sl       0.89      0.83      0.86      1761
          so       0.00      0.00      0.00         0
          sq       0.97      0.85      0.90      3949
          sr       0.78      0.64      0.70      5469
          sv       0.94      0.89      0.92      2514
          sw       0.36      0.85      0.51       136
         szl       0.00      0.00      0.00         0
          ta       1.00      1.00      1.00       128
          te       1.00      1.00      1.00       136
          tg       0.10      0.97      0.18        34
          th       1.00      1.00      1.00      3275
          tl       0.08      0.16      0.10        49
          tr       0.99      0.96      0.97      8893
          tt       0.00      0.00      0.00         0
          ug       0.92      1.00      0.96        85
          uk       0.99      0.93      0.96      5070
          ur       0.91      1.00      0.95       313
          uz       0.00      0.00      0.00         0
          vi       1.00      0.98      0.99      7772
          zh       0.95      0.88      0.91       908
       zh-cn       0.99      0.98      0.98      8928
       zh-tw       0.98      0.97      0.98      8949

    accuracy                           0.86    255477
   macro avg       0.66      0.72      0.67    255477
weighted avg       0.90      0.86      0.87    255477
